100
651 494 330 1147
19 46 722 1059
356 947 771 988
435 257 999 1311
60 816 199 953
777 872 395 874
866 320 527 596
903 859 498 1392
729 236 592 1194
476 937 82 779
877 446 268 761
46 413 642 1383
549 655 695 1525
551 416 609 987
804 952 588 1499
326 295 219 992
55 874 358 1121
262 456 855 1730
808 405 18 994
141 689 311 452
497 781 699 733
532 411 193 918
167 711 181 270
187 743 886 1596
218 402 610 1027
562 600 778 1760
584 768 872 1053
141 849 406 1367
59 671 920 1214
269 963 362 580
358 985 124 335
850 97 250 493
606 933 542 1220
864 265 146 287
874 66 865 1259
302 732 318 821
869 379 804 1298
506 150 297 302
848 481 765 913
59 547 935 1595
557 534 525 1448
746 603 507 1225
301 672 116 289
170 431 865 1792
201 675 359 1238
92 89 86 969
158 860 520 985
223 697 337 1223
280 153 828 1374
552 660 612 1580
594 828 280 989
338 936 50 940
771 661 979 1278
667 648 870 1814
33 7 439 984
337 392 82 409
789 48 934 1576
512 807 440 1193
544 280 912 931
118 937 789 1556
907 190 879 1036
671 716 187 864
79 803 485 759
389 693 690 813
15 956 439 934
992 935 182 731
85 831 257 370
346 578 550 837
326 230 425 1121
475 72 672 789
683 304 504 1432
903 22 355 399
701 589 542 888
325 977 942 981
465 313 200 663
355 367 202 649
277 698 635 871
576 45 427 905
154 937 284 614
129 356 514 660
742 618 793 868
489 944 930 1714
523 48 799 1109
580 81 627 750
32 296 491 883
524 906 219 418
517 686 283 625
39 863 778 1559
673 82 244 343
528 8 932 1253
507 283 918 1794
964 962 141 212
101 859 303 1273
757 173 67 961
281 39 314 577
339 447 705 1328
595 154 560 985
790 765 949 1304
114 828 268 340
902 881 313 743
